2017:12:2:1100 1300 1330 1400 1730 1800 1830 1900 1930 2000 2330 :Christmas:1
2017:10:31:1100 1300 :Halloween:7
2011:01:01:1400 1700 :New Years:6
2018:03:17:100 130 2100:Crucifixion:0
2011:04:2:0000:Birthday:6
2021:08:13:2330:Daddy's Day:1028
2020:12:1:2230 2300 2330:2020:1
2017:12:12:900 930 1000 1030 1100 1130 1200 1230 1300 1330 1400 1430 1500 1530 1700 1730 1800 1830 1900 1930 2000 2030 2100 2130 2200 2230 2300:DDAY:1
2019:12:31:1000 1030 1100 1130 1200 1230 1300 1330 1600 1630 1700 1730 1800 1830 1900 1930 2000 2030 2100 2130 2200 2230 2300:GDAY:1
2020:10:10:1000 1030 1100 1130 1200 1230 1300 1330 1400 1430 1500 1530 1600 1630 1700 1730 1800 1830 1900 1930 2000 2030 2100 2130 2200 2230 2300 2330:DAYH:1
2020:12:12:1200 1230 1300 1330 1400 1430 1500 1530 1600 1630 1700 1730 1800 1830 1900 1930 2000 2030 2100 2130 2200 2230 2300 2330 :DAYI:1
2020:1:1:900 930 1000 1030 1100 1130 1200 1230 1300 1330 1500 1530 1600 1630 1700 1730 1800 1830 1900 1930 2000 2030 2100 2130 2200 2230 2300 2330 :DAYJ:2
2021:9:9:900 930 1000 1030 1100 1130 1200 1230 1800 1830 1900 1930 2000 2030 2100 2130 2200 2230 2300 2330:DAYK:23
2018:12:2:100 130 200 230 300 330 400 430 500 530 600 630 700 730 800 830 900 930 1000 1030 1100 1130 1200 1230 1300 1330 1500 1530 1600 1630 2300 2330 :100:2
2020:3:3:100 130 200 230 300 330 400 430 500 530 600 630 700 730 800 830 900 930 1200 1230 1300 1330 1400 1430 1500 1530 1800 1830 1900 1930 2000 2030 2100 2130 2200 2230 2300 2330 :DAYM:1
